{
 "cells": [
  {
   "cell_type": "code",
   "execution_count": 1,
   "id": "bda9e3d6",
   "metadata": {},
   "outputs": [
    {
     "name": "stdout",
     "output_type": "stream",
     "text": [
      "Jupyter environment detected. Enabling Open3D WebVisualizer.\n",
      "[Open3D INFO] WebRTC GUI backend enabled.\n",
      "[Open3D INFO] WebRTCWindowSystem: HTTP handshake server disabled.\n"
     ]
    }
   ],
   "source": [
    "# First import library\n",
    "import pyrealsense2 as rs\n",
    "# Import Numpy for easy array manipulation\n",
    "import numpy as np\n",
    "# Import OpenCV for easy image rendering\n",
    "import cv2\n",
    "import open3d as o3d\n",
    "from datetime import datetime\n",
    "\n",
    "def get_intrinsic_matrix(frame):\n",
    "    intrinsics = frame.profile.as_video_stream_profile().intrinsics\n",
    "    out = o3d.camera.PinholeCameraIntrinsic(640, 480, intrinsics.fx,\n",
    "                                            intrinsics.fy, intrinsics.ppx,\n",
    "                                            intrinsics.ppy)\n",
    "    return out\n"
   ]
  },
  {
   "cell_type": "code",
   "execution_count": 2,
   "id": "d880282c",
   "metadata": {},
   "outputs": [],
   "source": [
    "# Create pipeline\n",
    "pipeline = rs.pipeline()\n",
    "\n",
    "# Create a config object\n",
    "config = rs.config()\n",
    "\n",
    "# Tell config that we will use a recorded device from file to be used by the pipeline through playback.\n",
    "rs.config.enable_device_from_file(config, \"20230404_112125.bag\")\n",
    "#rs.config.enable_device_from_file(config, \"20230403_112453.bag\")"
   ]
  },
  {
   "cell_type": "code",
   "execution_count": null,
   "id": "6096fe98",
   "metadata": {},
   "outputs": [
    {
     "name": "stdout",
     "output_type": "stream",
     "text": [
      "Got frame <pyrealsense2.frameset Z16 #773 @1680621685633.607178>\n",
      "Colour frame <pyrealsense2.frame NULL>\n",
      "Bad frame\n",
      "Point cloud 0: [ 0.54041125 -0.43062582  2.09234014] [[ 1.56508717  0.02744785  0.75938059]\n",
      " [ 0.02744785  0.62437441 -1.18658434]\n",
      " [ 0.75938059 -1.18658434  4.67050932]] PointCloud with 336566 points.\n",
      "Got frame <pyrealsense2.frame Z16 #773 @1680621685633.607178>\n",
      "Got frame <pyrealsense2.frameset Z16 #863 @1680621688634.559326>\n",
      "Colour frame <pyrealsense2.frame NULL>\n",
      "Bad frame\n",
      "Point cloud 1: [ 0.02055414 -0.42719854  1.78615599] [[ 4.6470038  -0.71496639  1.20117041]\n",
      " [-0.71496639  0.70474708 -1.76760971]\n",
      " [ 1.20117041 -1.76760971  6.56923219]] PointCloud with 313498 points.\n",
      "Got frame <pyrealsense2.frame Z16 #863 @1680621688634.559326>\n",
      "Got frame <pyrealsense2.frameset Z16 #954 @1680621691668.909424>\n",
      "Colour frame <pyrealsense2.frame NULL>\n",
      "Bad frame\n",
      "Point cloud 2: [-0.71113879 -0.35989124  1.82952881] [[ 3.18460162  0.47059088 -3.50429764]\n",
      " [ 0.47059088  0.78132288 -1.61587845]\n",
      " [-3.50429764 -1.61587845  6.51706528]] PointCloud with 347072 points.\n",
      "Got frame <pyrealsense2.frame Z16 #954 @1680621691668.909424>\n",
      "Got frame <pyrealsense2.frameset Z16 #1045 @1680621694703.270264>\n",
      "Colour frame <pyrealsense2.frame NULL>\n",
      "Bad frame\n",
      "Point cloud 3: [-0.79306651 -0.5059116   2.57451672] [[ 3.87879642 -0.08362103 -2.85768459]\n",
      " [-0.08362103  1.2285042  -2.25001375]\n",
      " [-2.85768459 -2.25001375  8.81950832]] PointCloud with 345041 points.\n",
      "Got frame <pyrealsense2.frame Z16 #1045 @1680621694703.270264>\n",
      "Got frame <pyrealsense2.frameset Z16 #856 @1680621688401.144043>\n",
      "Colour frame <pyrealsense2.frame NULL>\n",
      "Bad frame\n",
      "Point cloud 4: [ 0.07863537 -0.42115005  1.74799885] [[ 3.41830856 -0.59393162  1.32234709]\n",
      " [-0.59393162  0.64242563 -1.47191489]\n",
      " [ 1.32234709 -1.47191489  5.38174027]] PointCloud with 314731 points.\n",
      "Got frame <pyrealsense2.frame Z16 #856 @1680621688401.144043>\n",
      "Got frame <pyrealsense2.frameset Z16 #948 @1680621691468.837646>\n",
      "Colour frame <pyrealsense2.frame NULL>\n",
      "Bad frame\n",
      "Point cloud 5: [-0.63483684 -0.34821064  1.69785424] [[ 2.90119985  0.50340558 -3.27680489]\n",
      " [ 0.50340558  0.70446929 -1.54740615]\n",
      " [-3.27680489 -1.54740615  6.08787427]] PointCloud with 344481 points.\n",
      "Got frame <pyrealsense2.frame Z16 #948 @1680621691468.837646>\n",
      "Got frame <pyrealsense2.frameset Z16 #1038 @1680621694469.859619>\n",
      "Colour frame <pyrealsense2.frame NULL>\n",
      "Bad frame\n",
      "Point cloud 6: [-0.79821505 -0.4999586   2.56607998] [[ 3.85347784 -0.09033875 -2.86612976]\n",
      " [-0.09033875  1.22692886 -2.23373913]\n",
      " [-2.86612976 -2.23373913  8.83703575]] PointCloud with 344422 points.\n",
      "Got frame <pyrealsense2.frame Z16 #1038 @1680621694469.859619>\n",
      "Got frame <pyrealsense2.frameset Z16 #850 @1680621688201.069580>\n",
      "Colour frame <pyrealsense2.frame NULL>\n",
      "Bad frame\n",
      "Point cloud 7: [ 0.13737682 -0.42312306  1.72686527] [[ 2.34185876 -0.57638816  1.42441223]\n",
      " [-0.57638816  0.63199039 -1.40999722]\n",
      " [ 1.42441223 -1.40999722  4.62780857]] PointCloud with 311550 points.\n",
      "Got frame <pyrealsense2.frame Z16 #850 @1680621688201.069580>\n",
      "Got frame <pyrealsense2.frameset Z16 #941 @1680621691235.415771>\n",
      "Colour frame <pyrealsense2.frame NULL>\n",
      "Bad frame\n",
      "Point cloud 8: [-0.49637082 -0.33672074  1.47572184] [[ 1.9385734   0.63510803 -2.4552964 ]\n",
      " [ 0.63510803  0.639396   -1.56244181]\n",
      " [-2.4552964  -1.56244181  5.0455736 ]] PointCloud with 342111 points.\n",
      "Got frame <pyrealsense2.frame Z16 #941 @1680621691235.415771>\n",
      "Got frame <pyrealsense2.frameset Z16 #1033 @1680621694303.134521>\n",
      "Colour frame <pyrealsense2.frame NULL>\n",
      "Bad frame\n",
      "Point cloud 9: [-0.79246167 -0.49775771  2.55986497] [[ 3.81613473 -0.1029676  -2.81641881]\n",
      " [-0.1029676   1.21846785 -2.21023973]\n",
      " [-2.81641881 -2.21023973  8.76820165]] PointCloud with 344710 points.\n",
      "Got frame <pyrealsense2.frame Z16 #1033 @1680621694303.134521>\n",
      "Got frame <pyrealsense2.frameset Z16 #844 @1680621688001.011963>\n",
      "Colour frame <pyrealsense2.frame NULL>\n",
      "Bad frame\n",
      "Point cloud 10: [ 0.20131893 -0.42377131  1.71885953] [[ 2.28272792 -0.48475378  1.80190289]\n",
      " [-0.48475378  0.64009371 -1.37605137]\n",
      " [ 1.80190289 -1.37605137  5.03101834]] PointCloud with 316033 points.\n",
      "Got frame <pyrealsense2.frame Z16 #844 @1680621688001.011963>\n",
      "Got frame <pyrealsense2.frameset Z16 #936 @1680621691068.702148>\n",
      "Colour frame <pyrealsense2.frame NULL>\n",
      "Bad frame\n",
      "Point cloud 11: [-0.42109594 -0.32864414  1.36575186] [[ 1.54297562  0.67553175 -2.16465849]\n",
      " [ 0.67553175  0.60026375 -1.54065752]\n",
      " [-2.16465849 -1.54065752  4.68519348]] PointCloud with 340548 points.\n",
      "Got frame <pyrealsense2.frame Z16 #936 @1680621691068.702148>\n",
      "Got frame <pyrealsense2.frameset Z16 #1029 @1680621694169.754883>\n",
      "Colour frame <pyrealsense2.frame NULL>\n",
      "Bad frame\n",
      "Point cloud 12: [-0.79436603 -0.49600032  2.57065129] [[ 3.82667494 -0.12014032 -2.83380049]\n",
      " [-0.12014032  1.21625561 -2.18836351]\n",
      " [-2.83380049 -2.18836351  8.78219634]] PointCloud with 344464 points.\n",
      "Got frame <pyrealsense2.frame Z16 #1029 @1680621694169.754883>\n",
      "Got frame <pyrealsense2.frameset Z16 #841 @1680621687900.981934>\n",
      "Colour frame <pyrealsense2.frame NULL>\n",
      "Bad frame\n",
      "Point cloud 13: [ 0.21789904 -0.42210504  1.69976246] [[ 1.8264503  -0.49772268  1.43209929]\n",
      " [-0.49772268  0.60874192 -1.37481927]\n",
      " [ 1.43209929 -1.37481927  4.58937934]] PointCloud with 320044 points.\n",
      "Got frame <pyrealsense2.frame Z16 #841 @1680621687900.981934>\n",
      "Got frame <pyrealsense2.frameset Z16 #932 @1680621690935.333252>\n",
      "Colour frame <pyrealsense2.frame NULL>\n",
      "Bad frame\n",
      "Point cloud 14: [-0.43222085 -0.32220638  1.36309847] [[ 2.14723312  0.4323111  -2.88463321]\n",
      " [ 0.4323111   0.72377135 -1.21391522]\n",
      " [-2.88463321 -1.21391522  5.40878495]] PointCloud with 337761 points.\n",
      "Got frame <pyrealsense2.frame Z16 #932 @1680621690935.333252>\n",
      "Got frame <pyrealsense2.frameset Z16 #1024 @1680621694003.038330>\n",
      "Colour frame <pyrealsense2.frame NULL>\n",
      "Bad frame\n",
      "Point cloud 15: [-0.78651407 -0.49142263  2.55693932] [[ 3.79657472 -0.13709543 -2.80096605]\n",
      " [-0.13709543  1.20155991 -2.15311355]\n",
      " [-2.80096605 -2.15311355  8.68404915]] PointCloud with 345371 points.\n",
      "Got frame <pyrealsense2.frame Z16 #1024 @1680621694003.038330>\n",
      "Got frame <pyrealsense2.frameset Z16 #838 @1680621687800.950928>\n",
      "Colour frame <pyrealsense2.frame NULL>\n",
      "Bad frame\n",
      "Point cloud 16: [ 0.27488197 -0.43187164  1.66897598] [[ 1.62708135 -0.46789516  1.42708204]\n",
      " [-0.46789516  0.61533661 -1.39785974]\n",
      " [ 1.42708204 -1.39785974  4.67822711]] PointCloud with 317026 points.\n",
      "Got frame <pyrealsense2.frame Z16 #838 @1680621687800.950928>\n",
      "Got frame <pyrealsense2.frameset Z16 #929 @1680621690835.305420>\n",
      "Colour frame <pyrealsense2.frame NULL>\n",
      "Bad frame\n",
      "Point cloud 17: [-0.4231744  -0.31874963  1.33564831] [[ 1.62532748  0.72138962 -2.3105595 ]\n",
      " [ 0.72138962  0.57184228 -1.49848592]\n",
      " [-2.3105595  -1.49848592  4.64441117]] PointCloud with 336313 points.\n",
      "Got frame <pyrealsense2.frame Z16 #929 @1680621690835.305420>\n",
      "Got frame <pyrealsense2.frameset Z16 #1020 @1680621693869.663330>\n",
      "Colour frame <pyrealsense2.frame NULL>\n",
      "Bad frame\n",
      "Point cloud 18: [-0.78440915 -0.49446092  2.563507  ] [[ 3.79965103 -0.13051779 -2.81376009]\n",
      " [-0.13051779  1.20174999 -2.15914131]\n",
      " [-2.81376009 -2.15914131  8.70749363]] PointCloud with 345262 points.\n",
      "Got frame <pyrealsense2.frame Z16 #1020 @1680621693869.663330>\n",
      "Got frame <pyrealsense2.frameset Z16 #833 @1680621687634.230713>\n",
      "Colour frame <pyrealsense2.frame NULL>\n",
      "Bad frame\n",
      "Point cloud 19: [ 0.32822952 -0.45532625  1.67421474] [[ 1.41994276 -0.37433076  1.44362426]\n",
      " [-0.37433076  0.57808308 -1.42830141]\n",
      " [ 1.44362426 -1.42830141  4.6652157 ]] PointCloud with 314010 points.\n",
      "Got frame <pyrealsense2.frame Z16 #833 @1680621687634.230713>\n",
      "Got frame <pyrealsense2.frameset Z16 #925 @1680621690701.933350>\n",
      "Colour frame <pyrealsense2.frame NULL>\n",
      "Bad frame\n",
      "Point cloud 20: [-0.43545891 -0.30937232  1.32615468] [[ 1.909806    0.72050819 -2.64321752]\n",
      " [ 0.72050819  0.54678283 -1.43609624]\n",
      " [-2.64321752 -1.43609624  4.88973679]] PointCloud with 336834 points.\n",
      "Got frame <pyrealsense2.frame Z16 #925 @1680621690701.933350>\n",
      "Got frame <pyrealsense2.frameset Z16 #1017 @1680621693769.631104>\n",
      "Colour frame <pyrealsense2.frame NULL>\n",
      "Bad frame\n",
      "Point cloud 21: [-0.7793732  -0.49487743  2.56237333] [[ 3.80883945 -0.12750283 -2.82763647]\n",
      " [-0.12750283  1.19798194 -2.16527952]\n",
      " [-2.82763647 -2.16527952  8.76734556]] PointCloud with 346587 points.\n"
     ]
    },
    {
     "name": "stdout",
     "output_type": "stream",
     "text": [
      "Got frame <pyrealsense2.frame Z16 #1017 @1680621693769.631104>\n",
      "Got frame <pyrealsense2.frameset Z16 #830 @1680621687534.197266>\n",
      "Colour frame <pyrealsense2.frame NULL>\n",
      "Bad frame\n",
      "Point cloud 22: [ 0.33340714 -0.45739991  1.68306791] [[ 1.38862816 -0.35172667  1.35273035]\n",
      " [-0.35172667  0.56500564 -1.3853223 ]\n",
      " [ 1.35273035 -1.3853223   4.53135636]] PointCloud with 312538 points.\n",
      "Got frame <pyrealsense2.frame Z16 #830 @1680621687534.197266>\n",
      "Got frame <pyrealsense2.frameset Z16 #924 @1680621690668.590088>\n",
      "Colour frame <pyrealsense2.frame NULL>\n",
      "Bad frame\n",
      "Point cloud 23: [-0.42601231 -0.30309654  1.30769682] [[ 1.77473092  0.71718464 -2.48488429]\n",
      " [ 0.71718464  0.53142739 -1.40641941]\n",
      " [-2.48488429 -1.40641941  4.63167258]] PointCloud with 336541 points.\n",
      "Got frame <pyrealsense2.frame Z16 #924 @1680621690668.590088>\n",
      "Got frame <pyrealsense2.frameset Z16 #1014 @1680621693669.597900>\n",
      "Colour frame <pyrealsense2.frame NULL>\n",
      "Bad frame\n",
      "Point cloud 24: [-0.76234971 -0.4999217   2.53841662] [[ 3.77117649 -0.11003115 -2.79725515]\n",
      " [-0.11003115  1.18691072 -2.18423252]\n",
      " [-2.79725515 -2.18423252  8.7416054 ]] PointCloud with 344757 points.\n",
      "Got frame <pyrealsense2.frame Z16 #1014 @1680621693669.597900>\n",
      "Got frame <pyrealsense2.frameset Z16 #828 @1680621687467.507812>\n",
      "Colour frame <pyrealsense2.frame NULL>\n",
      "Bad frame\n",
      "Point cloud 25: [ 0.33130298 -0.46228611  1.70556055] [[ 1.75708656 -0.27664277  0.8951501 ]\n",
      " [-0.27664277  0.566963   -1.43586426]\n",
      " [ 0.8951501  -1.43586426  5.00094261]] PointCloud with 312259 points.\n",
      "Got frame <pyrealsense2.frame Z16 #828 @1680621687467.507812>\n",
      "Got frame <pyrealsense2.frameset Z16 #920 @1680621690535.216064>\n",
      "Colour frame <pyrealsense2.frame NULL>\n",
      "Bad frame\n",
      "Point cloud 26: [-0.46665593 -0.29107704  1.31796929] [[ 2.8965809   0.73766621 -3.83871331]\n",
      " [ 0.73766621  0.49352244 -1.34907283]\n",
      " [-3.83871331 -1.34907283  6.0827549 ]] PointCloud with 333940 points.\n",
      "Got frame <pyrealsense2.frame Z16 #920 @1680621690535.216064>\n",
      "Got frame <pyrealsense2.frameset Z16 #1011 @1680621693569.563721>\n",
      "Colour frame <pyrealsense2.frame NULL>\n",
      "Bad frame\n",
      "Point cloud 27: [-0.74793362 -0.50590944  2.53123443] [[ 3.80121087 -0.07303103 -2.93729693]\n",
      " [-0.07303103  1.1686976  -2.13435973]\n",
      " [-2.93729693 -2.13435973  8.88674839]] PointCloud with 345487 points.\n",
      "Got frame <pyrealsense2.frame Z16 #1011 @1680621693569.563721>\n",
      "Got frame <pyrealsense2.frameset Z16 #825 @1680621687367.472656>\n",
      "Colour frame <pyrealsense2.frame NULL>\n",
      "Bad frame\n",
      "Point cloud 28: [ 0.34375934 -0.4695621   1.73607039] [[ 1.41036979 -0.31458805  1.23357141]\n",
      " [-0.31458805  0.56299222 -1.37826755]\n",
      " [ 1.23357141 -1.37826755  4.59958733]] PointCloud with 310373 points.\n",
      "Got frame <pyrealsense2.frame Z16 #825 @1680621687367.472656>\n",
      "Got frame <pyrealsense2.frameset Z16 #919 @1680621690501.872070>\n",
      "Colour frame <pyrealsense2.frame NULL>\n",
      "Bad frame\n",
      "Point cloud 29: [-0.49647472 -0.28677445  1.34344943] [[ 3.48451535  0.70851847 -4.55937475]\n",
      " [ 0.70851847  0.48106167 -1.28948054]\n",
      " [-4.55937475 -1.28948054  6.91657008]] PointCloud with 331615 points.\n",
      "Got frame <pyrealsense2.frame Z16 #919 @1680621690501.872070>\n",
      "Got frame <pyrealsense2.frameset Z16 #1010 @1680621693536.218750>\n",
      "Colour frame <pyrealsense2.frame NULL>\n",
      "Bad frame\n",
      "Point cloud 30: [-0.72228772 -0.50659434  2.51246101] [[ 3.73817249 -0.08350402 -2.79593923]\n",
      " [-0.08350402  1.15815275 -2.15776483]\n",
      " [-2.79593923 -2.15776483  8.63325416]] PointCloud with 344825 points.\n",
      "Got frame <pyrealsense2.frame Z16 #1010 @1680621693536.218750>\n",
      "Got frame <pyrealsense2.frameset Z16 #824 @1680621687334.127686>\n",
      "Colour frame <pyrealsense2.frame NULL>\n",
      "Bad frame\n",
      "Point cloud 31: [ 0.3386443  -0.47249112  1.7586354 ] [[ 1.73923915 -0.27895561  0.86821463]\n",
      " [-0.27895561  0.57548947 -1.43184063]\n",
      " [ 0.86821463 -1.43184063  5.08472532]] PointCloud with 310461 points.\n"
     ]
    }
   ],
   "source": [
    "config.enable_stream(rs.stream.depth, rs.format.z16, 30)\n",
    "pipeline.start(config)\n",
    "\n",
    "#cv2.namedWindow(\"Depth Stream\", cv2.WINDOW_AUTOSIZE)\n",
    "vis = o3d.visualization.Visualizer()\n",
    "vis.create_window()\n",
    "\n",
    "view_control = vis.get_view_control()\n",
    "view_control.set_lookat([2.6172, 2.0475, 1.532])\n",
    "view_control.set_front([0.4257, -0.2125, -0.8795])\n",
    "view_control.set_zoom(0.3412)\n",
    "view_control.set_up([-0.0694, -0.9768, 0.2024])\n",
    "\n",
    "colourizer = rs.colorizer()\n",
    "\n",
    "count = 0\n",
    "\n",
    "while True:\n",
    "    frames = pipeline.wait_for_frames()\n",
    "    print(f\"Got frame {frames}\")\n",
    "    depth_frame = frames.get_depth_frame()\n",
    "    colour_frame = frames.get_color_frame()\n",
    "    \n",
    "    intrinsic = o3d.camera.PinholeCameraIntrinsic(\n",
    "                    get_intrinsic_matrix(depth_frame))\n",
    "    print(f\"Colour frame {colour_frame}\")\n",
    "    if colour_frame:\n",
    "        print(\"OK frame\")\n",
    "    else:\n",
    "        print(\"Bad frame\")\n",
    "\n",
    "    #if not colour_frame:\n",
    "    #    colour_frame = o3d.geometry.Image()\n",
    "    if colour_frame:\n",
    "        print(\"Yeah - valid colour frame!\")\n",
    "        intrinsic = o3d.camera.PinholeCameraIntrinsic(\n",
    "                        get_intrinsic_matrix(colour_frame))\n",
    "        #depth_image = o3d.geometry.Image(\n",
    "        #                  np.array(aligned_depth_frame.get_data()))\n",
    "        color_temp = np.array(color_frame.get_data())\n",
    "        color_image = o3d.geometry.Image(color_temp)\n",
    "\n",
    "        rgbd_image = o3d.geometry.RGBDImage.create_from_color_and_depth(\n",
    "                color_image,\n",
    "                depth_image,\n",
    "                depth_scale=1.0 / depth_scale,\n",
    "                depth_trunc=clipping_distance_in_meters,\n",
    "                convert_rgb_to_intensity=False)\n",
    "        temp = o3d.geometry.PointCloud.create_from_rgbd_image(\n",
    "                rgbd_image, intrinsic)\n",
    "        #o3d.visualization.draw_geometries([temp],zoom=0.5)\n",
    "        o3d.visualization.update_geometry(temp)\n",
    "\n",
    "    depth_colour_frame = colourizer.colorize(depth_frame)\n",
    "\n",
    "    align_to = rs.stream.color\n",
    "    align = rs.align(align_to)\n",
    "\n",
    "    # Align the depth frame to color frame\n",
    "    aligned_frames = align.process(frames)\n",
    "\n",
    "    # Get aligned frames\n",
    "    aligned_depth_frame = aligned_frames.get_depth_frame()\n",
    "    depth_image = o3d.geometry.Image(np.array(aligned_depth_frame.get_data()))\n",
    "\n",
    "    pcd = o3d.geometry.PointCloud.create_from_depth_image(depth_image, intrinsic,\n",
    "                                                         np.identity(4), depth_scale=1000.0, depth_trunc=3000.0)\n",
    "\n",
    "    mean,cov = pcd.compute_mean_and_covariance()\n",
    "    \n",
    "    print(f\"Point cloud {count}: {mean} {cov} {pcd}\")\n",
    "    # This is supposed to work - but the pcd is the wrong type?\n",
    "    #o3d.visualization.draw_geometries([pcd],zoom=0.5)\n",
    "    if count == -1:\n",
    "        # This blocks until the window is closed\n",
    "        o3d.visualization.draw_geometries([pcd],\n",
    "                                  zoom=0.3412,\n",
    "                                  front=[0.4257, -0.2125, -0.8795],\n",
    "                                  lookat=mean,\n",
    "                                  up=[-0.0694, -0.9768, 0.2024])\n",
    "    else:\n",
    "        # Update geometry doesn't seem to honour the view control changes\n",
    "        #vis.update_geometry(pcd)\n",
    "        vis.add_geometry(pcd)\n",
    "        \n",
    "        # The add_geometry call changes the view control, so we need to read it after we make t\n",
    "        view_control = vis.get_view_control()\n",
    "        view_control.set_lookat(mean)\n",
    "        view_control.set_front([0.4257, -0.2125, -0.8795])\n",
    "        view_control.set_zoom(0.3412)\n",
    "        view_control.set_up([-0.0694, -0.9768, 0.2024])\n",
    "\n",
    "        t0 = datetime.now()\n",
    "        t = datetime.now()-t0\n",
    "        while t.total_seconds() < 3.0:\n",
    "            vis.poll_events()\n",
    "            vis.update_renderer()\n",
    "            t = datetime.now()-t0\n",
    "    count = count + 1\n",
    "    #o3d.visualization.draw_geometries([temp],zoom=0.5)\n",
    "\n",
    "    #depth_image = o3d.geometry.Image(\n",
    "    #            np.array(aligned_depth_frame.get_data()))\n",
    "    #depth_colour_frame = colourizer.colorize(depth_frame)\n",
    "\n",
    "    #cv2.show(\"Depth \",depth_colour_frame)\n",
    "    print(f\"Got frame {depth_frame}\")\n",
    "    #key = cv2.waitKey(1)\n",
    "    key = 0\n",
    "    if key == 27:\n",
    "            cv2.destroyAllWindows()\n",
    "            break"
   ]
  },
  {
   "cell_type": "code",
   "execution_count": null,
   "id": "627fbb2e",
   "metadata": {},
   "outputs": [],
   "source": []
  }
 ],
 "metadata": {
  "kernelspec": {
   "display_name": "Python 3 (ipykernel)",
   "language": "python",
   "name": "python3"
  },
  "language_info": {
   "codemirror_mode": {
    "name": "ipython",
    "version": 3
   },
   "file_extension": ".py",
   "mimetype": "text/x-python",
   "name": "python",
   "nbconvert_exporter": "python",
   "pygments_lexer": "ipython3",
   "version": "3.10.6"
  }
 },
 "nbformat": 4,
 "nbformat_minor": 5
}
